osu file format v14

[General]
AudioFilename: audio.mp3
AudioLeadIn: 0
PreviewTime: -1
Countdown: 0
SampleSet: Normal
StackLeniency: 0.7
Mode: 0
LetterboxInBreaks: 0
WidescreenStoryboard: 0

[Editor]
DistanceSpacing: 0.8
BeatDivisor: 4
GridSize: 32
TimelineZoom: 1

[Metadata]
Title:9 bit
TitleUnicode:9 bit
Artist:asdf
ArtistUnicode:asdf
Creator:Jakbquick
Version:
Source:
Tags:
BeatmapID:0
BeatmapSetID:-1

[Difficulty]
HPDrainRate:5
CircleSize:5
OverallDifficulty:5
ApproachRate:5
SliderMultiplier:1.4
SliderTickRate:1

[Events]
//Background and Video events
//Break Periods
//Storyboard Layer 0 (Background)
//Storyboard Layer 1 (Fail)
//Storyboard Layer 2 (Pass)
//Storyboard Layer 3 (Foreground)
//Storyboard Layer 4 (Overlay)
//Storyboard Sound Samples

[TimingPoints]
98,594.059405940594,4,1,0,100,1,0


[HitObjects]
70,148,2474,5,0,0:0:0:0:
181,161,2771,1,0,0:0:0:0:
169,201,3068,1,0,0:0:0:0:
184,224,3216,1,0,0:0:0:0:
204,242,3365,1,0,0:0:0:0:
232,242,3513,1,0,0:0:0:0:
232,242,3959,1,0,0:0:0:0:
232,242,4256,1,0,0:0:0:0:
232,242,4553,1,0,0:0:0:0:
256,192,4850,1,0,0:0:0:0:
288,160,5147,1,0,0:0:0:0:
320,128,5444,1,0,0:0:0:0:
320,128,5593,1,0,0:0:0:0:
352,96,5741,1,0,0:0:0:0:
352,128,5890,1,0,0:0:0:0:
320,224,6335,1,0,0:0:0:0:
320,256,6632,1,0,0:0:0:0:
288,288,6929,1,0,0:0:0:0:
256,256,7226,1,0,0:0:0:0:
224,256,7523,1,0,0:0:0:0:
192,192,7820,1,0,0:0:0:0:
192,160,7969,1,0,0:0:0:0:
192,128,8117,1,0,0:0:0:0:
160,96,8266,1,0,0:0:0:0:
96,128,8711,1,0,0:0:0:0:
32,128,9008,1,0,0:0:0:0:
64,128,9305,1,0,0:0:0:0:
128,160,9602,1,0,0:0:0:0:
160,160,9899,1,0,0:0:0:0:
192,192,10197,1,0,0:0:0:0:
224,192,10345,1,0,0:0:0:0:
256,224,10494,1,0,0:0:0:0:
288,256,10642,1,0,0:0:0:0:
288,256,11088,1,0,0:0:0:0:
288,256,11385,1,0,0:0:0:0:
288,256,11682,1,0,0:0:0:0:
288,256,11979,1,0,0:0:0:0:
288,256,12276,1,0,0:0:0:0:
288,256,12573,1,0,0:0:0:0:
288,256,12721,1,0,0:0:0:0:
288,256,12870,1,0,0:0:0:0:
288,256,13018,1,0,0:0:0:0:
288,256,13464,1,0,0:0:0:0:
288,256,13761,1,0,0:0:0:0:
288,256,14058,1,0,0:0:0:0:
288,256,14355,1,0,0:0:0:0:
288,256,14652,1,0,0:0:0:0:
288,256,14949,1,0,0:0:0:0:
288,256,15098,1,0,0:0:0:0:
288,256,15246,1,0,0:0:0:0:
288,256,15395,1,0,0:0:0:0:
288,256,15840,1,0,0:0:0:0:
288,256,16137,1,0,0:0:0:0:
288,256,16434,1,0,0:0:0:0:
288,256,16731,1,0,0:0:0:0:
288,256,17028,1,0,0:0:0:0:
288,256,17325,1,0,0:0:0:0:
288,256,17474,1,0,0:0:0:0:
288,256,17622,1,0,0:0:0:0:
288,256,17771,1,0,0:0:0:0:
288,256,18216,1,0,0:0:0:0:
288,256,18513,1,0,0:0:0:0:
288,256,18810,1,0,0:0:0:0:
320,192,19107,1,0,0:0:0:0:
288,256,19404,1,0,0:0:0:0:
320,192,19701,1,0,0:0:0:0:
320,224,19850,1,0,0:0:0:0:
320,224,19998,1,0,0:0:0:0:
320,224,20147,1,0,0:0:0:0:
320,224,20593,1,0,0:0:0:0:
320,224,20890,1,0,0:0:0:0:
320,224,21187,1,0,0:0:0:0:
320,224,23860,1,0,0:0:0:0:
320,224,24157,1,0,0:0:0:0:
320,224,24454,1,0,0:0:0:0:
320,224,24751,1,0,0:0:0:0:
320,224,25048,1,0,0:0:0:0:
320,224,25494,1,0,0:0:0:0:
320,224,25642,1,0,0:0:0:0:
320,224,26236,1,0,0:0:0:0:
320,224,26533,1,0,0:0:0:0:
320,224,26830,1,0,0:0:0:0:
320,224,27127,1,0,0:0:0:0:
320,224,27424,1,0,0:0:0:0:
224,224,27870,1,0,0:0:0:0:
192,224,28018,1,0,0:0:0:0:
192,224,28612,1,0,0:0:0:0:
192,224,28909,1,0,0:0:0:0:
192,224,29206,1,0,0:0:0:0:
192,224,29503,1,0,0:0:0:0:
192,224,29800,1,0,0:0:0:0:
192,320,30246,1,0,0:0:0:0:
192,288,30395,1,0,0:0:0:0:
192,192,30989,1,0,0:0:0:0:
192,256,31286,1,0,0:0:0:0:
192,256,31583,1,0,0:0:0:0:
192,256,31880,1,0,0:0:0:0:
192,256,32177,1,0,0:0:0:0:
192,256,32622,1,0,0:0:0:0:
192,256,32771,1,0,0:0:0:0:
192,256,33068,1,0,0:0:0:0:
192,256,33216,1,0,0:0:0:0:
192,256,33365,1,0,0:0:0:0:
160,160,33959,1,0,0:0:0:0:
192,224,34256,1,0,0:0:0:0:
192,224,34553,1,0,0:0:0:0:
192,224,35147,1,0,0:0:0:0:
224,160,35444,1,0,0:0:0:0:
224,192,35593,1,0,0:0:0:0:
224,192,35741,1,0,0:0:0:0:
128,224,36335,5,0,0:0:0:0:
192,192,36632,1,0,0:0:0:0:
192,192,36929,1,0,0:0:0:0:
192,192,37523,1,0,0:0:0:0:
192,192,38117,1,0,0:0:0:0:
192,192,38563,1,0,0:0:0:0:
192,192,39008,1,0,0:0:0:0:
192,192,39305,1,0,0:0:0:0:
192,192,39751,1,0,0:0:0:0:
192,192,40197,1,0,0:0:0:0:
192,192,40494,1,0,0:0:0:0:
192,192,40939,1,0,0:0:0:0:
96,192,41385,1,0,0:0:0:0:
160,192,41682,1,0,0:0:0:0:
160,192,42573,1,0,0:0:0:0:
160,192,42721,1,0,0:0:0:0:
160,192,42870,1,0,0:0:0:0:
160,192,43568,1,0,0:0:0:0:
160,192,43865,1,0,0:0:0:0:
