2580
2799
3096
3245
3393
3542
4061
4358
4655
4952
5250
5547
5695
5844
5992
6438
6735
7032
7329
7626
7923
8071
8220
8368
8814
9111
9408
9705
10002
10299
10448
10596
10745
11190
11487
11784
12081
12378
12675
12824
12972
13121
13566
13863
14160
14457
14754
15052
15200
15349
15497
15943
16240
16537
16834
17131
17428
17576
17725
17873
18319
18616
18913
19210
19507
19804
19952
20101
20250
20695
20992
21289
23962
24259
24556
24853
25151
25596
25745
26339
26636
26933
27230
27527
27972
28121
28715
29012
29309
29606
29903
30349
30497
31091
31388
31685
31982
32279
32725
32873
33170
33319
33467
34061
34358
34655
35250
35547
35695
35844
36438
36735
37032
37626
38220
38665
39111
39408
39853
40299
40596
41042
41487
41784
42675
42824
42972
43566
43863
