2474
2771
3068
3216
3365
3513
3959
4256
4553
4850
5147
5444
5593
5741
5890
6335
6632
6929
7226
7523
7820
7969
8117
8266
8711
9008
9305
9602
9899
10197
10345
10494
10642
11088
11385
11682
11979
12276
12573
12721
12870
13018
13464
13761
14058
14355
14652
14949
15098
15246
15395
15840
16137
16434
16731
17028
17325
17474
17622
17771
18216
18513
18810
19107
19404
19701
19850
19998
20147
20593
20890
21187
23860
24157
24454
24751
25048
25494
25642
26236
26533
26830
27127
27424
27870
28018
28612
28909
29206
29503
29800
30246
30395
30989
31286
31583
31880
32177
32622
32771
33068
33216
33365
33959
34256
34553
35147
35444
35593
35741
36335
36632
36929
37523
38117
38563
39008
39305
39751
40197
40494
40939
41385
41682
42573
42721
42870
43568
43865