495
823
1150
1314
1642
1806
1970
2134
2215
2297
2379
2461
2543
2625
2707
2789
3445
3773
3937
4265
4429
4593
4757
5085
5249
5577
5741
5904
6068
6396
6560
6888
7052
7216
7380
7708
7872
8363
8527
8691
9183
9675
9839
10003
10495
10659
10822
10986
11150
11314
11806
12298
12462
12626
12954
13281
13445
13609
13773
13855
13937
14265
14593
14757
14921
15249
15577
15904
16068
16232
16560
16888
17216
17380
17544
17872
18363
18527
18691
18855
19183
19511
19675
19839
20167
20495
20822
20986
21150
21478
21806
22134
22298
22462
22790
23118
23445
23773
23937
24101
24429
24757
25085
25249
25413
25577
25740
26068
26396
26560
26724
26888
27052
27380
27708
27872
28036
28199
28363
28855
29019
29183
29347
29511
29675
30003
30167
30331
30495
30658
30986
31478
31642
31806
31970
32298
32790
32954
33281
33445
33609
33773
33937
34101
34265
34429
34593
34757
34921
35413
35740
35904
36068
36232
36724
37052
37216
37380
37544
38036
38363
38527
38691
38855
39183
39347
39511
39675
39839
40003
40167
40658
40822
40986
41150
41314
41478
41806
42134
42298
42462
42626
42790
43281
43445
43937
44101
44265
44429
44510
44592
44674
44756
45085
45413
45904
46068
46396
46724
47052
47216
47380
47708
47872
48036
48363
48691
48855
49019
49183
49347
49839
50003
50331
50658
51150
51314
51642
51970
52462
52626
52954
53281
53772
53936
54101
54265
54430
54593
54757
54921
55085
55249
55413
55576
55740
55904
56396
56560
56888
57216
57708
57872
58035
58199
58363
58527
58855
59183
59675
59839
60167
60331
60494
60822
61150
61642
61806
62134
62462
62954
63117
63445
63773
64265
64429
64593
64757
64921
65085
65249
65413
65577
65740
65904
66068
66150
66231
66313
66396
66888
67052
67380
67708
68199
68363
68527
68691
68855
69019
69511
69675
70003
70331
70822
70986
71150
71314
71478
71642
72134
72298
72626
72953
73445
73609
73937
74265
74757
74921
75249
75576
75740
75904
76068
76232
76314
76396
76560
76724
76888
77216
77380
77872
78035
78199
78527
78691
79183
79347
79511
79839
80003
80494
80658
80822
81314
81478
81642
81806
81970
82134
82626
82790
83281
83445
83773
84101
84429
84757
84921
85085
85249
85576
85740
85904
86396
86560
86724
86888
87052
87216